0 0.11235955056179776 0.37344028520499106 0.05393258426966292 0.0374331550802139
0 0.2955056179775281 0.36631016042780745 0.07865168539325844 0.0374331550802139
0 0.4617977528089888 0.34848484848484845 0.11011235955056181 0.0730837789661319
0 0.7089887640449439 0.3493761140819964 0.08764044943820226 0.053475935828877004
0 0.8977528089887641 0.3868092691622103 0.20449438202247192 0.2281639928698752
0 0.1898876404494382 0.552584670231729 0.06966292134831462 0.0748663101604278
0 0.3764044943820225 0.5650623885918004 0.06067415730337079 0.09982174688057041
0 0.29775280898876405 0.642602495543672 0.0651685393258427 0.0374331550802139
0 0.37191011235955057 0.765597147950089 0.07415730337078652 0.062388591800356503
0 0.7404494382022473 0.7843137254901961 0.3258426966292135 0.0463458110516934
0 0.5348314606741573 0.6345811051693404 0.09887640449438204 0.0677361853832442
0 0.6134831460674158 0.5320855614973262 0.040449438202247195 0.1764705882352941
