0 0.17444444444444446 0.06352459016393443 0.028888888888888888 0.04918032786885246
0 0.3561111111111111 0.26434426229508196 0.03888888888888889 0.06967213114754099
0 0.5261111111111111 0.5614754098360656 0.025555555555555557 0.11475409836065574
0 0.36944444444444446 0.6413934426229508 0.10555555555555556 0.05737704918032787
0 0.6144444444444445 0.6895491803278689 0.05555555555555555 0.03073770491803279
0 0.6811111111111111 0.7213114754098361 0.02 0.02459016393442623
0 0.4722222222222222 0.6198770491803279 0.04666666666666667 0.026639344262295084
0 0.47444444444444445 0.3862704918032787 0.04888888888888889 0.06352459016393443
0 0.5022222222222222 0.4559426229508197 0.024444444444444446 0.059426229508196725
0 0.415 0.3206967213114754 0.04555555555555556 0.0430327868852459
0 0.3061111111111111 0.21311475409836067 0.052222222222222225 0.06147540983606558
0 0.25 0.13934426229508198 0.05555555555555555 0.09016393442622951
