0 0.2697044334975369 0.2667910447761194 0.4852216748768473 0.4888059701492537
0 0.03694581280788178 0.8115671641791045 0.06896551724137931 0.15298507462686567
0 0.41379310344827586 0.9272388059701492 0.08866995073891626 0.13805970149253732
0 0.6539408866995075 0.7388059701492538 0.15024630541871922 0.14925373134328357
0 0.23029556650246305 0.6977611940298507 0.03694581280788178 0.23880597014925373
0 0.4876847290640394 0.6996268656716418 0.06403940886699508 0.2798507462686567
0 0.16625615763546797 0.9738805970149254 0.07142857142857142 0.05223880597014925
0 0.33620689655172414 0.9720149253731343 0.012315270935960592 0.055970149253731345
0 0.07635467980295567 0.9757462686567164 0.019704433497536946 0.048507462686567165
0 0.49507389162561577 0.8805970149253731 0.019704433497536946 0.07462686567164178
0 0.8152709359605912 0.417910447761194 0.3694581280788177 0.5373134328358209
0 0.5714285714285714 0.39925373134328357 0.11822660098522167 0.208955223880597
0 0.9778325123152709 0.7817164179104478 0.04433497536945813 0.1828358208955224
