0 0.4483412322274882 0.6553956834532374 0.03601895734597157 0.16258992805755396
0 0.48767772511848345 0.6309352517985611 0.03696682464454976 0.07913669064748202
0 0.580568720379147 0.6575539568345324 0.13175355450236967 0.16115107913669066
0 0.6848341232227488 0.6482014388489209 0.06350710900473934 0.14244604316546763
0 0.7810426540284361 0.6381294964028777 0.06445497630331753 0.13093525179856116
0 0.8635071090047394 0.6330935251798562 0.1004739336492891 0.1381294964028777
0 0.409478672985782 0.33093525179856115 0.10995260663507109 0.07194244604316546
0 0.1023696682464455 0.34820143884892085 0.034123222748815164 0.04316546762589928
0 0.15876777251184834 0.4431654676258993 0.023696682464454978 0.15251798561151078
0 0.8881516587677726 0.4093525179856115 0.07962085308056872 0.03597122302158273
0 0.566824644549763 0.3172661870503597 0.15924170616113745 0.03597122302158273
