0 0.1953125 0.6412760416666666 0.0390625 0.10546875
0 0.25537109375 0.6673177083333333 0.0205078125 0.17057291666666666
0 0.431640625 0.390625 0.14453125 0.15364583333333331
0 0.3740234375 0.57421875 0.10546875 0.1640625
0 0.6181640625 0.552734375 0.078125 0.13932291666666666
0 0.91650390625 0.67578125 0.0634765625 0.17447916666666666
0 0.1005859375 0.6555989583333333 0.041015625 0.08723958333333333
0 0.6748046875 0.41796875 0.126953125 0.1328125
0 0.55078125 0.4055989583333333 0.0390625 0.06901041666666666
0 0.8017578125 0.6106770833333333 0.11328125 0.171875
