0 0.609 0.6428571428571428 0.158 0.09523809523809523
0 0.73 0.7053571428571428 0.052000000000000005 0.29166666666666663
0 0.8200000000000001 0.6726190476190476 0.06 0.17261904761904762
0 0.92 0.7485119047619048 0.076 0.31845238095238093
0 0.497 0.40625 0.094 0.13988095238095238
0 0.41100000000000003 0.24107142857142855 0.11800000000000001 0.16666666666666666
0 0.131 0.1919642857142857 0.038 0.08630952380952381
0 0.11 0.4880952380952381 0.10400000000000001 0.13095238095238093
0 0.16 0.6770833333333333 0.128 0.2470238095238095
0 0.221 0.4032738095238095 0.058 0.19345238095238093
0 0.606 0.8229166666666666 0.164 0.15773809523809523
