0 0.657 0.7010869565217391 0.314 0.22282608695652173
0 0.9530000000000001 0.733695652173913 0.094 0.06521739130434782
0 0.9550000000000001 0.6752717391304348 0.09 0.035326086956521736
0 0.308 0.3804347826086956 0.148 0.19565217391304346
0 0.137 0.43478260869565216 0.126 0.21195652173913043
0 0.04 0.49592391304347827 0.064 0.08423913043478261
0 0.354 0.6915760869565217 0.196 0.14402173913043478
0 0.447 0.5529891304347826 0.066 0.08423913043478261
0 0.339 0.5421195652173912 0.098 0.0733695652173913
0 0.151 0.5692934782608695 0.122 0.06793478260869565
