0 0.9018518518518519 0.5798611111111112 0.13703703703703704 0.1486111111111111
0 0.8143518518518519 0.5916666666666667 0.03981481481481482 0.10277777777777779
0 0.6203703703703703 0.6819444444444445 0.07222222222222223 0.18055555555555555
0 0.27314814814814814 0.5798611111111112 0.06666666666666667 0.22916666666666669
0 0.18194444444444446 0.5534722222222223 0.11574074074074074 0.1763888888888889
0 0.06620370370370371 0.6916666666666667 0.04351851851851852 0.09444444444444444
0 0.09166666666666667 0.59375 0.061111111111111116 0.09861111111111112
0 0.48842592592592593 0.7402777777777778 0.058333333333333334 0.10277777777777779
0 0.32083333333333336 0.8375 0.025 0.09722222222222222
0 0.40185185185185185 0.6729166666666667 0.07407407407407407 0.03194444444444445
0 0.32407407407407407 0.7131944444444445 0.02962962962962963 0.029166666666666667
0 0.7763888888888889 0.6340277777777779 0.04166666666666667 0.10972222222222222
