0 0.035106382978723406 0.8578274760383386 0.06170212765957447 0.14057507987220447
0 0.24361702127659574 0.9400958466453674 0.19574468085106383 0.11980830670926518
0 0.40372340425531916 0.8746006389776357 0.12234042553191489 0.14217252396166133
0 0.5186170212765957 0.773961661341853 0.10106382978723405 0.16134185303514376
0 0.675 0.6373801916932907 0.1074468085106383 0.12779552715654952
0 0.7829787234042553 0.5455271565495208 0.09574468085106383 0.11980830670926518
0 0.9191489361702128 0.426517571884984 0.15531914893617021 0.1693290734824281
0 0.6771276595744681 0.3386581469648562 0.039361702127659576 0.134185303514377
0 0.3851063829787234 0.6773162939297124 0.07446808510638298 0.14057507987220447
0 0.46382978723404256 0.5718849840255591 0.055319148936170216 0.08626198083067092
0 0.5053191489361702 0.5111821086261981 0.03404255319148936 0.06389776357827476
