0 0.185 0.792358803986711 0.366 0.4152823920265781
0 0.468 0.898671096345515 0.096 0.2026578073089701
0 0.643 0.8870431893687708 0.122 0.22591362126245848
0 0.627 0.13787375415282394 0.09 0.2026578073089701
0 0.511 0.36877076411960136 0.058 0.31893687707641194
0 0.778 0.34551495016611294 0.14400000000000002 0.132890365448505
0 0.9430000000000001 0.632890365448505 0.114 0.3289036544850498
0 0.9410000000000001 0.27906976744186046 0.11800000000000001 0.13953488372093023
0 0.34500000000000003 0.29900332225913623 0.158 0.27906976744186046
0 0.098 0.287375415282392 0.112 0.2026578073089701
0 0.187 0.49335548172757476 0.158 0.19601328903654486
0 0.322 0.5132890365448505 0.096 0.14950166112956811
0 0.056 0.5365448504983389 0.108 0.10963455149501661
