0 0.858 0.8265306122448979 0.08 0.09183673469387754
0 0.8280000000000001 0.6632653061224489 0.10400000000000001 0.12244897959183673
0 0.853 0.7525510204081632 0.066 0.05612244897959183
0 0.747 0.3061224489795918 0.246 0.36734693877551017
0 0.458 0.5688775510204082 0.556 0.1683673469387755
0 0.20600000000000002 0.3762755102040816 0.08 0.19642857142857142
0 0.299 0.9221938775510203 0.222 0.14030612244897958
0 0.201 0.7538265306122448 0.066 0.04336734693877551
0 0.847 0.9374999999999999 0.054 0.12499999999999999
0 0.35000000000000003 0.6900510204081632 0.164 0.06887755102040816
