0 0.030147058823529412 0.7787698412698413 0.057352941176470586 0.10912698412698413
0 0.11985294117647059 0.677579365079365 0.04264705882352941 0.04563492063492063
0 0.15441176470588236 0.5744047619047619 0.05 0.0734126984126984
0 0.23823529411764705 0.4801587301587301 0.07058823529411765 0.0992063492063492
0 0.2926470588235294 0.625 0.05 0.04365079365079365
0 0.32279411764705884 0.5744047619047619 0.054411764705882354 0.057539682539682536
0 0.3713235294117647 0.4801587301587301 0.03676470588235294 0.07142857142857142
0 0.4463235294117647 0.45535714285714285 0.04852941176470588 0.06944444444444445
0 0.49779411764705883 0.3958333333333333 0.03676470588235294 0.037698412698412696
0 0.4838235294117647 0.14384920634920634 0.026470588235294117 0.017857142857142856
0 0.3654411764705882 0.20634920634920634 0.027941176470588233 0.023809523809523808
0 0.18823529411764706 0.7966269841269841 0.01764705882352941 0.05357142857142857
0 0.011764705882352941 0.9057539682539683 0.020588235294117647 0.03373015873015873
0 0.013235294117647059 0.9841269841269841 0.023529411764705882 0.031746031746031744
