0 0.6454439252336448 0.7469040247678019 0.25350467289719625 0.1130030959752322
0 0.6016355140186915 0.5603715170278638 0.10747663551401869 0.08359133126934985
0 0.12499999999999999 0.6470588235294118 0.24766355140186913 0.19195046439628485
0 0.41296728971962615 0.336687306501548 0.10163551401869159 0.06346749226006192
0 0.15128504672897194 0.8041795665634676 0.15070093457943923 0.06346749226006192
0 0.4123831775700934 0.8003095975232198 0.11915887850467288 0.06811145510835914
0 0.3773364485981308 0.6068111455108359 0.04439252336448598 0.07120743034055728
0 0.3773364485981308 0.695046439628483 0.03271028037383177 0.052631578947368425
0 0.6051401869158878 0.8753869969040248 0.05841121495327102 0.05727554179566564
0 0.8931074766355139 0.5712074303405573 0.10397196261682243 0.08668730650154799
