0 0.26640625 0.5468384074941453 0.18281250000000002 0.1522248243559719
0 0.503125 0.08079625292740047 0.06875 0.15690866510538642
0 0.403125 0.03044496487119438 0.09062500000000001 0.05620608899297424
0 0.2890625 0.3231850117096019 0.037500000000000006 0.09836065573770492
0 0.8210937500000001 0.25526932084309134 0.0671875 0.08430913348946135
0 0.7078125000000001 0.18032786885245902 0.034375 0.19672131147540983
0 0.0140625 0.5046838407494145 0.025 0.09601873536299765
0 0.5640625 0.6334894613583139 0.046875 0.09601873536299765
0 0.68671875 0.6182669789227166 0.035937500000000004 0.12646370023419204
0 0.6265625 0.24473067915690866 0.037500000000000006 0.07728337236533958
