0 0.9066666666666667 0.26063829787234044 0.18666666666666668 0.39787234042553193
0 0.8816666666666667 0.9159574468085107 0.13333333333333333 0.07021276595744681
0 0.7400000000000001 0.9212765957446809 0.11666666666666667 0.029787234042553193
0 0.6266666666666667 0.8946808510638298 0.09333333333333334 0.04893617021276596
0 0.3825 0.8574468085106383 0.085 0.0425531914893617
0 0.375 0.9117021276595745 0.07333333333333333 0.04468085106382979
0 0.30583333333333335 0.6851063829787234 0.055 0.0723404255319149
0 0.38583333333333336 0.5542553191489362 0.058333333333333334 0.14680851063829786
0 0.18000000000000002 0.5425531914893618 0.023333333333333334 0.11914893617021277
0 0.12166666666666667 0.26063829787234044 0.05333333333333334 0.03617021276595745
0 0.31333333333333335 0.24893617021276596 0.08333333333333334 0.059574468085106386
0 0.4675 0.21914893617021278 0.10833333333333334 0.1148936170212766
0 0.7216666666666667 0.22127659574468087 0.08333333333333334 0.09361702127659574
0 0.6216666666666667 0.2351063829787234 0.05666666666666667 0.11702127659574468
0 0.7741666666666667 0.5202127659574468 0.155 0.1127659574468085
0 0.5375000000000001 0.6776595744680851 0.11166666666666668 0.1
0 0.6133333333333334 0.5680851063829787 0.030000000000000002 0.14893617021276595
