0 0.18375 0.40293040293040294 0.1475 0.40293040293040294
0 0.35375 0.38644688644688646 0.1675 0.4065934065934066
0 0.54875 0.3992673992673993 0.1925 0.3443223443223443
0 0.76125 0.47802197802197804 0.1875 0.20146520146520147
0 0.9575 0.5677655677655677 0.085 0.608058608058608
0 0.9175 0.1758241758241758 0.165 0.1758241758241758
0 0.77375 0.8003663003663004 0.0675 0.09157509157509157
0 0.555 0.6410256410256411 0.195 0.10989010989010989
0 0.37875000000000003 0.6373626373626373 0.08750000000000001 0.10256410256410256
0 0.16625 0.6501831501831502 0.10250000000000001 0.08424908424908426
0 0.045 0.47619047619047616 0.085 0.2783882783882784
