0 0.062255859375 0.9184131736526947 0.12353515625 0.1631736526946108
0 0.2626953125 0.9438622754491018 0.087890625 0.1062874251497006
0 0.26123046875 0.8031437125748504 0.0517578125 0.17065868263473055
0 0.30859375 0.624251497005988 0.0986328125 0.18862275449101798
0 0.14501953125 0.9663173652694611 0.0361328125 0.056886227544910184
0 0.568115234375 0.815868263473054 0.10400390625 0.36826347305389223
0 0.6630859375 0.6324850299401198 0.0888671875 0.22604790419161677
0 0.730224609375 0.9172904191616768 0.05224609375 0.16541916167664672
0 0.38037109375 0.9315119760479043 0.0732421875 0.13697604790419163
0 0.388427734375 0.781062874251497 0.05517578125 0.16092814371257486
