0 0.8569444444444445 0.4986111111111111 0.28611111111111115 0.9944444444444445
0 0.6337962962962963 0.7826388888888889 0.1564814814814815 0.4236111111111111
0 0.4708333333333333 0.8402777777777778 0.1712962962962963 0.3194444444444445
0 0.2962962962962963 0.9333333333333333 0.17407407407407408 0.13333333333333333
0 0.41064814814814815 0.3652777777777778 0.1212962962962963 0.25
0 0.5175925925925926 0.5 0.09814814814814815 0.16944444444444445
0 0.6638888888888889 0.06458333333333334 0.09074074074074075 0.12638888888888888
0 0.1685185185185185 0.9437500000000001 0.07962962962962963 0.1125
0 0.075 0.8534722222222223 0.08888888888888889 0.09583333333333334
0 0.0962962962962963 0.9875 0.07407407407407407 0.025
0 0.25462962962962965 0.61875 0.10740740740740741 0.10972222222222222
