0 0.24888888888888888 0.24083333333333334 0.18444444444444444 0.37833333333333335
0 0.12666666666666668 0.09583333333333334 0.05555555555555555 0.11833333333333335
0 0.415 0.21583333333333335 0.14777777777777779 0.21833333333333335
0 0.45944444444444443 0.3925 0.10111111111111111 0.14166666666666666
0 0.48055555555555557 0.5575 0.06333333333333334 0.1716666666666667
0 0.13166666666666665 0.5900000000000001 0.04777777777777778 0.08666666666666667
0 0.065 0.6016666666666667 0.04555555555555556 0.06333333333333334
0 0.08833333333333333 0.68 0.056666666666666664 0.08
0 0.1511111111111111 0.8791666666666668 0.06444444444444444 0.085
0 0.5772222222222222 0.805 0.10555555555555556 0.08333333333333334
