0 0.9708 0.9151169766046789 0.048 0.0653869226154769
0 0.7818 0.7429514097180563 0.07400000000000001 0.16136772645470904
0 0.7004 0.6964607078584283 0.064 0.10317936412717456
0 0.6366 0.638872225554889 0.0268 0.05758848230353929
0 0.5778 0.5824835032993401 0.06760000000000001 0.08038392321535692
0 0.5132 0.5365926814637072 0.0472 0.05218956208758248
0 0.44580000000000003 0.4826034793041391 0.0876 0.07978404319136172
0 0.1526 0.15386922615476903 0.0524 0.05698860227954409
0 0.25120000000000003 0.26514697060587883 0.038400000000000004 0.05398920215956808
0 0.3286 0.3713257348530294 0.045200000000000004 0.05998800239952009
0 0.085 0.1295740851829634 0.054 0.025194961007798437
0 0.0644 0.09688062387522495 0.028 0.01979604079184163
0 0.9062 0.8557288542291541 0.061200000000000004 0.07138572285542891
