0 0.2846875 0.76875 0.063125 0.1525
0 0.5359375000000001 0.35750000000000004 0.296875 0.29833333333333334
0 0.1228125 0.6833333333333333 0.151875 0.13333333333333333
0 0.0659375 0.5379166666666667 0.060625 0.14416666666666667
0 0.1071875 0.41583333333333333 0.098125 0.10666666666666667
0 0.2534375 0.5158333333333334 0.18937500000000002 0.17
0 0.901875 0.4341666666666667 0.19625 0.225
0 0.763125 0.6308333333333334 0.07625 0.3916666666666667
0 0.43343750000000003 0.6670833333333334 0.078125 0.32583333333333336
0 0.6584375 0.6170833333333334 0.089375 0.21416666666666667
0 0.698125 0.7987500000000001 0.0375 0.03416666666666667
0 0.4996875 0.8191666666666667 0.039375 0.060000000000000005
