0 0.4813559322033898 0.215 0.15254237288135591 0.20500000000000002
0 0.28135593220338984 0.8 0.04067796610169491 0.2
0 0.4559322033898305 0.80125 0.04067796610169491 0.1525
0 0.5499999999999999 0.7825 0.04915254237288135 0.225
0 0.7838983050847458 0.67625 0.16101694915254236 0.1375
0 0.03983050847457627 0.9 0.07627118644067796 0.155
0 0.7305084745762712 0.77875 0.0576271186440678 0.0625
0 0.7220338983050847 0.89625 0.04406779661016949 0.0475
0 0.638135593220339 0.23875000000000002 0.16101694915254236 0.4475
0 0.33559322033898303 0.4825 0.030508474576271184 0.165
0 0.473728813559322 0.4475 0.03559322033898305 0.17500000000000002
0 0.34152542372881356 0.2925 0.12372881355932203 0.195
0 0.23389830508474577 0.595 0.0576271186440678 0.13
0 0.5872881355932204 0.6025 0.05593220338983051 0.14
