0 0.3313559322033898 0.46714285714285714 0.09322033898305085 0.35714285714285715
0 0.18983050847457628 0.7328571428571429 0.02711864406779661 0.04285714285714286
0 0.2483050847457627 0.7142857142857143 0.04915254237288135 0.06285714285714286
0 0.2093220338983051 0.88 0.015254237288135592 0.18857142857142858
0 0.2593220338983051 0.8342857142857143 0.04406779661016949 0.12
0 0.3296610169491525 0.8385714285714285 0.022033898305084745 0.16285714285714287
0 0.3728813559322034 0.8342857142857143 0.023728813559322035 0.18857142857142858
0 0.5093220338983051 0.8014285714285714 0.0423728813559322 0.24285714285714285
0 0.6245762711864407 0.8571428571428571 0.05254237288135593 0.21142857142857144
0 0.4949152542372881 0.32 0.22372881355932203 0.4228571428571429
0 0.6525423728813559 0.34 0.08813559322033898 0.6571428571428571
0 0.8025423728813559 0.39285714285714285 0.08644067796610169 0.2257142857142857
