0 0.5775 0.6193333333333333 0.145 0.5293333333333333
0 0.742 0.7073333333333333 0.124 0.3373333333333333
0 0.903 0.8093333333333333 0.194 0.16799999999999998
0 0.8405 0.178 0.20500000000000002 0.35333333333333333
0 0.5515 0.142 0.137 0.2813333333333333
0 0.6505 0.05266666666666667 0.059000000000000004 0.10266666666666667
0 0.3405 0.624 0.073 0.6053333333333333
0 0.1525 0.7433333333333333 0.07100000000000001 0.35333333333333333
0 0.2255 0.7733333333333333 0.051000000000000004 0.2853333333333333
0 0.2735 0.5466666666666666 0.039 0.472
0 0.4865 0.502 0.039 0.2733333333333333
