0 0.013051305130513051 0.3900144717800289 0.024302430243024302 0.085383502170767
0 0.011701170117011701 0.8024602026049203 0.021602160216021602 0.3748191027496382
0 0.9203420342034203 0.12518089725036177 0.15931593159315932 0.24746743849493485
0 0.7695769576957695 0.15991316931982633 0.135013501350135 0.1548480463096961
0 0.7587758775877588 0.42402315484804626 0.06480648064806481 0.3907380607814761
0 0.8438343834383438 0.2850940665701881 0.1035103510351035 0.10419681620839362
0 0.5675067506750675 0.38784370477568736 0.09450945094509451 0.512301013024602
0 0.6548154815481548 0.17438494934876989 0.0801080108010801 0.3256150506512301
0 0.48289828982898286 0.36830680173661356 0.0747074707470747 0.447178002894356
0 0.32943294329432943 0.2395079594790159 0.2142214221422142 0.256150506512301
0 0.38073807380738073 0.7380607814761215 0.12961296129612962 0.5238784370477568
0 0.5283528352835283 0.7489146164978292 0.0702070207020702 0.2098408104196816
0 0.6161116111611161 0.8690303907380608 0.0711071107110711 0.1548480463096961
0 0.5796579657965797 0.7250361794500723 0.0306030603060306 0.15629522431259044
0 0.15796579657965795 0.4023154848046309 0.0801080108010801 0.15918958031837915
0 0.15976597659765976 0.6070911722141823 0.0675067506750675 0.10564399421128798
0 0.23627362736273627 0.5643994211287988 0.0423042304230423 0.20260492040520983
