0 0.029508196721311476 0.8283410138248848 0.04918032786885246 0.07142857142857142
0 0.32868852459016396 0.6762672811059908 0.12950819672131147 0.22350230414746544
0 0.7852459016393443 0.6440092165898618 0.05573770491803279 0.08525345622119816
0 0.6467213114754098 0.7338709677419355 0.06721311475409836 0.07142857142857142
0 0.12868852459016394 0.5483870967741935 0.06393442622950819 0.43317972350230416
0 0.5491803278688525 0.7465437788018433 0.07540983606557378 0.05529953917050691
0 0.8295081967213115 0.663594470046083 0.013114754098360656 0.03225806451612903
0 0.9311475409836065 0.5921658986175116 0.039344262295081964 0.03686635944700461
0 0.46557377049180326 0.7407834101382489 0.029508196721311476 0.12211981566820276
0 0.41475409836065574 0.631336405529954 0.036065573770491806 0.0967741935483871
0 0.21475409836065573 0.4965437788018433 0.10163934426229508 0.27880184331797236
0 0.04180327868852459 0.24539170506912442 0.08032786885245902 0.2557603686635945
