0 0.9443717277486912 0.5408878504672897 0.06413612565445026 0.08177570093457943
0 0.8134816753926702 0.6098130841121495 0.04057591623036649 0.0794392523364486
0 0.6884816753926702 0.6098130841121495 0.10732984293193717 0.1542056074766355
0 0.5857329842931938 0.5607476635514018 0.09816753926701571 0.2523364485981308
0 0.4410994764397906 0.46962616822429903 0.18586387434554974 0.32242990654205606
0 0.24607329842931938 0.48247663551401865 0.07591623036649216 0.23130841121495324
0 0.31217277486911 0.4380841121495327 0.05366492146596859 0.14719626168224298
0 0.1544502617801047 0.4684579439252336 0.05235602094240838 0.09579439252336448
0 0.09162303664921466 0.608644859813084 0.06282722513089006 0.07710280373831775
0 0.3586387434554974 0.6787383177570093 0.04973821989528796 0.0911214953271028
0 0.40706806282722513 0.6705607476635513 0.044502617801047126 0.07009345794392523
