0 0.755859375 0.3857979502196193 0.212890625 0.27672035139092244
0 0.2216796875 0.650805270863836 0.064453125 0.18594436310395315
0 0.39306640625 0.6002928257686677 0.0634765625 0.1054172767203514
0 0.275390625 0.554904831625183 0.052734375 0.09663250366032211
0 0.9755859375 0.41800878477306 0.048828125 0.1800878477306003
0 0.525390625 0.3609077598828697 0.1640625 0.22108345534407028
0 0.62548828125 0.38433382137628114 0.0419921875 0.19765739385065886
0 0.4111328125 0.2862371888726208 0.060546875 0.0746705710102489
0 0.177734375 0.10468521229868229 0.087890625 0.17130307467057102
0 0.26904296875 0.1581259150805271 0.0576171875 0.11127379209370425
0 0.02685546875 0.03367496339677892 0.0517578125 0.06442166910688141
0 0.10546875 0.32942898975109813 0.033203125 0.06734992679355783
