0 0.6736363636363636 0.14986376021798364 0.08545454545454545 0.19618528610354222
0 0.9063636363636364 0.611716621253406 0.0890909090909091 0.26430517711171664
0 0.37272727272727274 0.4863760217983651 0.14909090909090908 0.2098092643051771
0 0.6418181818181818 0.32561307901907355 0.08 0.1553133514986376
0 0.6036363636363636 0.47275204359673023 0.05818181818181818 0.1444141689373297
0 0.6481818181818182 0.5803814713896458 0.038181818181818185 0.05449591280653951
0 0.6554545454545454 0.4645776566757493 0.023636363636363636 0.06267029972752043
0 0.8409090909090909 0.37057220708446864 0.11454545454545455 0.21798365122615804
0 0.8363636363636363 0.18256130790190736 0.08727272727272728 0.16348773841961853
0 0.7754545454545455 0.055858310626702996 0.11090909090909092 0.10626702997275204
