0 0.9489583333333333 0.23985239852398524 0.09791666666666667 0.2066420664206642
0 0.903125 0.40036900369003686 0.17291666666666666 0.13653136531365312
0 0.7739583333333333 0.3173431734317343 0.08125 0.22140221402214022
0 0.70625 0.559040590405904 0.06666666666666667 0.047970479704797044
0 0.075 0.4206642066420664 0.1 0.3173431734317343
0 0.18854166666666666 0.40405904059040587 0.12708333333333333 0.19557195571955718
0 0.21875 0.23247232472324722 0.03333333333333333 0.06642066420664207
0 0.18229166666666666 0.5498154981549815 0.06458333333333333 0.08118081180811808
0 0.43645833333333334 0.8616236162361623 0.04791666666666666 0.07011070110701106
0 0.66875 0.3800738007380074 0.12916666666666665 0.16236162361623616
0 0.6145833333333334 0.5313653136531366 0.04583333333333333 0.05166051660516605
0 0.47291666666666665 0.5092250922509225 0.0625 0.1033210332103321
