0 0.20208333333333334 0.6528662420382165 0.043055555555555555 0.2526539278131635
0 0.6798611111111111 0.7579617834394904 0.12916666666666668 0.24203821656050956
0 0.2826388888888889 0.8205944798301487 0.22083333333333335 0.07430997876857749
0 0.14305555555555557 0.5424628450106157 0.07777777777777778 0.07430997876857749
0 0.043750000000000004 0.6995753715498938 0.08472222222222223 0.31210191082802546
0 0.8006944444444445 0.8152866242038217 0.09861111111111112 0.11464968152866242
0 0.9729166666666667 0.7898089171974522 0.05416666666666667 0.1613588110403397
0 0.9409722222222222 0.42356687898089174 0.09861111111111112 0.3205944798301486
0 0.7312500000000001 0.1602972399150743 0.3263888888888889 0.31634819532908703
0 0.5333333333333333 0.21231422505307856 0.06666666666666667 0.20382165605095542
0 0.4715277777777778 0.2526539278131635 0.059722222222222225 0.12314225053078556
0 0.6833333333333333 0.5116772823779193 0.13611111111111113 0.15711252653927812
0 0.8256944444444445 0.46178343949044587 0.1375 0.23991507430997877
0 0.8972222222222223 0.8365180467091295 0.09444444444444444 0.050955414012738856
0 0.5548611111111111 0.5286624203821656 0.10972222222222222 0.08067940552016985
