0 0.19625 0.7013618677042802 0.165 0.2821011673151751
0 0.576875 0.5554474708171206 0.10125 0.18482490272373542
0 0.370625 0.7431906614785992 0.03875 0.14007782101167315
0 0.04125 0.8180933852140078 0.06 0.07976653696498054
0 0.75875 0.7217898832684825 0.1075 0.10505836575875487
0 0.755625 0.541828793774319 0.24375 0.18482490272373542
0 0.61 0.7577821011673151 0.08750000000000001 0.14591439688715954
0 0.843125 0.7431906614785992 0.04625 0.058365758754863814
0 0.900625 0.7986381322957199 0.05375 0.06420233463035019
0 0.884375 0.7178988326848249 0.02375 0.08560311284046693
0 0.628125 0.872568093385214 0.051250000000000004 0.06809338521400779
