0 0.6784436493738819 0.3710990502035278 0.39803220035778175 0.7394843962008141
0 0.40474060822898034 0.5678426051560379 0.1511627906976744 0.514246947082768
0 0.2822003577817531 0.8310719131614653 0.0778175313059034 0.33514246947082765
0 0.1972271914132379 0.9009497964721844 0.0885509838998211 0.19810040705563092
0 0.29293381037567084 0.5257801899592944 0.07245080500894455 0.2672998643147897
0 0.407871198568873 0.21506105834464043 0.03577817531305903 0.09905020352781546
0 0.5008944543828264 0.1587516960651289 0.1413237924865832 0.07327001356852103
0 0.8394454382826476 0.031207598371777473 0.13864042933810375 0.059701492537313425
0 0.9503577817531306 0.3534599728629579 0.013416815742397137 0.020352781546811395
0 0.8962432915921288 0.3229308005427408 0.021466905187835422 0.07327001356852103
0 0.4995527728085868 0.8989145183175034 0.038461538461538464 0.11261872455902305
