0 0.6387329591018445 0.38366336633663367 0.08901363271852446 0.30445544554455445
0 0.6635926222935044 0.17264851485148516 0.10505212510024058 0.10767326732673267
0 0.9226142742582197 0.8217821782178218 0.11146752205292702 0.1782178217821782
0 0.9009623095429029 0.8991336633663366 0.12750601443464316 0.05816831683168317
0 0.6563753007217321 0.8341584158415841 0.13071371291098638 0.15841584158415842
0 0.7706495589414595 0.8558168316831684 0.0817963111467522 0.13985148514851486
0 0.27506014434643145 0.6132425742574258 0.11066559743384122 0.19183168316831684
0 0.5384923817161187 0.8725247524752475 0.06976744186046512 0.11386138613861387
0 0.46712109061748197 0.6868811881188119 0.06655974338412189 0.12623762376237624
0 0.38853247794707296 0.7784653465346535 0.060144346431435444 0.16831683168316833
0 0.3905372894947875 0.6410891089108911 0.04971932638331997 0.09158415841584158
0 0.3488372093023256 0.5043316831683169 0.048115477145148355 0.08787128712871287
0 0.26744186046511625 0.9368811881188119 0.05693664795509222 0.0594059405940594
0 0.12429831595829992 0.7512376237623762 0.02566158781074579 0.10643564356435643
