0 0.8866666666666667 0.09894459102902374 0.18333333333333335 0.19261213720316622
0 0.8191666666666667 0.40105540897097625 0.2016666666666667 0.23746701846965698
0 0.7808333333333334 0.23746701846965698 0.06166666666666667 0.07915567282321899
0 0.32333333333333336 0.3575197889182058 0.06333333333333334 0.26649076517150394
0 0.445 0.44063324538258575 0.17333333333333334 0.10026385224274406
0 0.5791666666666667 0.42744063324538256 0.07833333333333334 0.12137203166226912
0 0.4716666666666667 0.3469656992084433 0.06333333333333334 0.08707124010554089
0 0.07083333333333333 0.8126649076517151 0.085 0.17941952506596306
0 0.1925 0.7928759894459103 0.15833333333333335 0.30870712401055406
0 0.22916666666666669 0.4313984168865435 0.11833333333333335 0.11345646437994722
0 0.52 0.7440633245382585 0.17333333333333334 0.35883905013192613
0 0.6716666666666667 0.6952506596306068 0.12666666666666668 0.35620052770448546
0 0.785 0.5844327176781002 0.09333333333333334 0.12401055408970976
0 0.8933333333333334 0.8469656992084432 0.1 0.16886543535620052
0 0.9725 0.7730870712401056 0.055 0.13192612137203166
0 0.4 0.7849604221635884 0.06333333333333334 0.20844327176781002
0 0.34 0.6015831134564643 0.1 0.1266490765171504
0 0.015000000000000001 0.4287598944591029 0.02666666666666667 0.05013192612137203
