0 0.3609090909090909 0.18972533062054933 0.25272727272727274 0.1943031536113937
0 0.2636363636363636 0.4781281790437436 0.3927272727272727 0.050864699898270596
0 0.3981818181818182 0.4160732451678535 0.09454545454545454 0.06917599186164801
0 0.21181818181818182 0.366734486266531 0.13272727272727272 0.12512716174974567
0 0.6663636363636364 0.470498474059003 0.2636363636363636 0.025432349949135298
0 0.7336363636363636 0.5610376398779247 0.045454545454545456 0.04577822990844354
0 0.6263636363636363 0.5600203458799593 0.045454545454545456 0.04170905391658189
0 0.3881818181818182 0.5625635808748728 0.038181818181818185 0.04069175991861648
0 0.2727272727272727 0.5615462868769074 0.04 0.042726347914547304
0 0.1572727272727273 0.5590030518819938 0.038181818181818185 0.04577822990844354
0 0.1572727272727273 0.6424211597151577 0.034545454545454546 0.04577822990844354
0 0.38272727272727275 0.6475076297049848 0.038181818181818185 0.04577822990844354
0 0.26454545454545453 0.6485249237029501 0.04909090909090909 0.05188199389623601
0 0.15 0.9023397761953205 0.04181818181818182 0.03662258392675483
0 0.5136363636363637 0.7288911495422177 0.06 0.05391658189216683
0 0.5081818181818182 0.6403865717192269 0.045454545454545456 0.04577822990844354
0 0.6245454545454545 0.6403865717192269 0.056363636363636366 0.04577822990844354
