0 0.6116666666666667 0.364741641337386 0.22 0.14893617021276595
0 0.165 0.8472644376899696 0.23333333333333334 0.19300911854103345
0 0.8058333333333334 0.8199088145896657 0.29500000000000004 0.1656534954407295
0 0.3775 0.5417933130699089 0.18166666666666667 0.05015197568389058
0 0.35750000000000004 0.42857142857142855 0.06166666666666667 0.1337386018237082
0 0.41250000000000003 0.2811550151975684 0.05166666666666667 0.14893617021276595
0 0.4491666666666667 0.40197568389057753 0.10833333333333334 0.12310030395136778
0 0.4366666666666667 0.49240121580547114 0.05 0.057750759878419454
0 0.043333333333333335 0.34802431610942247 0.08333333333333334 0.0790273556231003
0 0.17916666666666667 0.2188449848024316 0.15833333333333335 0.04559270516717325
0 0.10916666666666668 0.4369300911854103 0.055 0.07142857142857142
