0 0.193125 0.7511111111111111 0.04875 0.14222222222222222
0 0.325625 0.7077777777777777 0.043750000000000004 0.14444444444444443
0 0.45375 0.5455555555555556 0.06 0.26
0 0.5493750000000001 0.6666666666666666 0.04875 0.09333333333333334
0 0.89875 0.5933333333333334 0.055 0.2577777777777778
0 0.7987500000000001 0.5666666666666667 0.0775 0.2222222222222222
0 0.39 0.6044444444444445 0.04 0.21333333333333332
0 0.12625 0.84 0.045 0.1111111111111111
0 0.280625 0.72 0.043750000000000004 0.14666666666666667
0 0.55375 0.9177777777777778 0.02 0.044444444444444446
0 0.916875 0.8466666666666667 0.05625 0.04
