0 0.642 0.2108626198083067 0.132 0.16613418530351437
0 0.249 0.11900958466453673 0.022 0.020766773162939296
0 0.295 0.23722044728434505 0.026000000000000002 0.03035143769968051
0 0.245 0.3426517571884984 0.022 0.03354632587859425
0 0.341 0.30990415335463256 0.022 0.10223642172523961
0 0.247 0.28354632587859424 0.026000000000000002 0.020766773162939296
0 0.182 0.18929712460063897 0.02 0.01757188498402556
0 0.499 0.7212460063897763 0.042 0.12619808306709265
0 0.633 0.7675718849840255 0.026000000000000002 0.1230031948881789
0 0.8150000000000001 0.28194888178913735 0.038 0.13578274760383385
