0 0.752 0.30869565217391304 0.432 0.6
0 0.652 0.6956521739130435 0.3 0.17971014492753623
0 0.597 0.8710144927536232 0.19 0.16521739130434782
0 0.261 0.9304347826086956 0.47400000000000003 0.08695652173913043
0 0.115 0.8043478260869565 0.158 0.1536231884057971
0 0.443 0.8014492753623188 0.114 0.17101449275362318
0 0.171 0.5463768115942029 0.054 0.11304347826086956
0 0.375 0.3710144927536232 0.078 0.052173913043478265
0 0.51 0.5652173913043478 0.056 0.07536231884057971
0 0.863 0.6782608695652174 0.11 0.13333333333333333
