0 0.7766666666666667 0.3612334801762115 0.4466666666666667 0.29074889867841414
0 0.7333333333333334 0.6013215859030837 0.4066666666666667 0.18061674008810574
0 0.6283333333333334 0.762114537444934 0.19 0.14096916299559473
0 0.2316666666666667 0.5220264317180617 0.20333333333333334 0.35682819383259917
0 0.065 0.4889867841409692 0.12333333333333334 0.18502202643171808
0 0.3983333333333334 0.4845814977973569 0.12333333333333334 0.43171806167400884
0 0.5066666666666667 0.5022026431718062 0.08666666666666667 0.20264317180616742
0 0.3866666666666667 0.7577092511013217 0.15333333333333335 0.07929515418502203
0 0.17 0.8193832599118943 0.1 0.07048458149779736
0 0.18333333333333335 0.9559471365638768 0.04 0.07929515418502203
0 0.14500000000000002 0.9427312775330398 0.03666666666666667 0.052863436123348026
0 0.225 0.9405286343612336 0.030000000000000002 0.039647577092511016
0 0.26333333333333336 0.8215859030837005 0.02 0.05726872246696036
