0 0.8792613636363636 0.4864969135802469 0.24147727272727273 0.4429012345679012
0 0.575154958677686 0.46431327160493824 0.36363636363636365 0.3306327160493827
0 0.13197314049586778 0.2953317901234568 0.16683884297520662 0.5875771604938271
0 0.2663997933884298 0.5063657407407407 0.10769628099173555 0.2820216049382716
0 0.35640495867768596 0.33043981481481477 0.08109504132231406 0.3074845679012346
0 0.34116735537190085 0.7922453703703703 0.049586776859504134 0.04513888888888889
0 0.24819214876033058 0.8016975308641975 0.07902892561983471 0.07253086419753085
0 0.26924070247933884 0.689236111111111 0.11079545454545454 0.05516975308641975
0 0.4545454545454546 0.8595679012345678 0.10485537190082644 0.0933641975308642
0 0.9653925619834711 0.9162808641975309 0.06869834710743802 0.1280864197530864
0 0.024793388429752067 0.11496913580246913 0.0490702479338843 0.22916666666666666
