0 0.025781250000000002 0.19230769230769232 0.045312500000000006 0.2
0 0.10234375000000001 0.3641025641025641 0.11406250000000001 0.07692307692307693
0 0.8250000000000001 0.1371794871794872 0.12187500000000001 0.23333333333333334
0 0.696875 0.22564102564102564 0.134375 0.30256410256410254
0 0.5421875 0.3243589743589744 0.171875 0.32564102564102565
0 0.509375 0.5205128205128206 0.059375000000000004 0.06153846153846154
0 0.42265625 0.4141025641025641 0.06406250000000001 0.10512820512820513
0 0.453125 0.617948717948718 0.09062500000000001 0.13333333333333333
0 0.246875 0.7384615384615385 0.1125 0.09743589743589744
0 0.30390625000000004 0.5576923076923077 0.0546875 0.21794871794871795
0 0.31484375000000003 0.391025641025641 0.1390625 0.12051282051282051
0 0.21953125 0.6448717948717949 0.026562500000000003 0.09487179487179487
0 0.446875 0.7448717948717949 0.065625 0.07948717948717948
