0 0.33071428571428574 0.9024122807017544 0.09285714285714286 0.10307017543859648
0 0.5607142857142857 0.9385964912280701 0.047142857142857146 0.02631578947368421
0 0.49357142857142855 0.9100877192982456 0.04428571428571428 0.07894736842105263
0 0.4421428571428571 0.8991228070175438 0.03571428571428571 0.11403508771929824
0 0.21642857142857141 0.9122807017543859 0.024285714285714285 0.08333333333333333
0 0.15642857142857142 0.9035087719298245 0.05857142857142857 0.09649122807017543
0 0.09642857142857143 0.8903508771929824 0.018571428571428572 0.08771929824561403
0 0.06928571428571428 0.9122807017543859 0.012857142857142857 0.05263157894736842
0 0.7092857142857143 0.906798245614035 0.03 0.07236842105263158
0 0.9007142857142857 0.9024122807017544 0.024285714285714285 0.06359649122807018
0 0.6135714285714285 0.9199561403508771 0.015714285714285715 0.07236842105263158
