0 0.6801587301587302 0.18555240793201133 0.03650793650793651 0.0708215297450425
0 0.6150793650793651 0.12889518413597734 0.0746031746031746 0.0708215297450425
0 0.40634920634920635 0.060906515580736544 0.12063492063492064 0.0481586402266289
0 0.33095238095238094 0.14447592067988668 0.05238095238095238 0.11331444759206799
0 0.2746031746031746 0.4093484419263456 0.047619047619047616 0.0764872521246459
0 0.3261904761904762 0.2988668555240793 0.049206349206349205 0.1501416430594901
0 0.4746031746031746 0.26203966005665724 0.23492063492063492 0.0764872521246459
0 0.6555555555555556 0.33569405099150146 0.1111111111111111 0.09348441926345609
0 0.696031746031746 0.4702549575070822 0.03015873015873016 0.16997167138810199
0 0.7761904761904762 0.8569405099150142 0.0380952380952381 0.0878186968838527
0 0.6976190476190476 0.773371104815864 0.06825396825396825 0.0679886685552408
0 0.703968253968254 0.6444759206798867 0.03015873015873016 0.18413597733711048
0 0.6452380952380953 0.5609065155807366 0.09365079365079365 0.0906515580736544
0 0.5523809523809524 0.4985835694050992 0.09206349206349207 0.13031161473087818
0 0.44761904761904764 0.4050991501416431 0.08888888888888889 0.10764872521246459
0 0.3261904761904762 0.5226628895184137 0.03968253968253968 0.1048158640226629
0 0.3738095238095238 0.5070821529745043 0.05238095238095238 0.056657223796033995
0 0.2563492063492063 0.6487252124645893 0.05555555555555555 0.1019830028328612
0 0.3619047619047619 0.7152974504249292 0.15873015873015872 0.053824362606232294
0 0.46111111111111114 0.9121813031161473 0.1 0.0226628895184136
0 0.36904761904761907 0.8895184135977338 0.03333333333333333 0.07932011331444759
0 0.573015873015873 0.6968838526912181 0.09841269841269841 0.0736543909348442
