0 0.54 0.6246943765281173 0.2727272727272727 0.16381418092909536
0 0.6981818181818182 0.5244498777506112 0.03636363636363636 0.1198044009779951
0 0.6090909090909091 0.49877750611246946 0.13818181818181818 0.07823960880195599
0 0.44181818181818183 0.7897310513447433 0.06181818181818182 0.16136919315403422
0 0.3390909090909091 0.843520782396088 0.1 0.044009779951100246
0 0.3527272727272727 0.7359413202933985 0.05818181818181818 0.08801955990220049
0 0.36363636363636365 0.6039119804400978 0.04363636363636364 0.08312958435207823
0 0.4090909090909091 0.4388753056234719 0.04363636363636364 0.21271393643031786
0 0.2863636363636364 0.5721271393643031 0.06363636363636363 0.05378973105134474
0 0.042727272727272725 0.5476772616136919 0.08181818181818182 0.10268948655256724
0 0.17545454545454545 0.3471882640586797 0.16545454545454547 0.07823960880195599
