0 0.382 0.7506666666666666 0.148 0.16266666666666665
0 0.709 0.8066666666666666 0.062 0.21066666666666667
0 0.758 0.6493333333333333 0.10400000000000001 0.12533333333333332
0 0.8240000000000001 0.88 0.068 0.048
0 0.437 0.576 0.082 0.08
0 0.245 0.8106666666666666 0.078 0.048
0 0.435 0.8826666666666666 0.134 0.09066666666666666
0 0.535 0.6573333333333333 0.066 0.09333333333333332
0 0.594 0.7066666666666667 0.044 0.06933333333333333
0 0.536 0.8413333333333333 0.064 0.056
0 0.803 0.7813333333333333 0.03 0.10133333333333333
0 0.76 0.7999999999999999 0.036000000000000004 0.09066666666666666
0 0.176 0.6306666666666666 0.044 0.04
