0 0.5703828828828829 0.24090121317157712 0.25563063063063063 0.47833622183708835
0 0.04954954954954955 0.5953206239168111 0.09684684684684684 0.268630849220104
0 0.16948198198198197 0.5987868284228769 0.12725225225225226 0.2547660311958405
0 0.12105855855855856 0.9090121317157712 0.23986486486486486 0.11611785095320623
0 0.20495495495495494 0.8015597920277296 0.06531531531531531 0.09532062391681109
0 0.13682432432432431 0.4133448873483535 0.19707207207207206 0.0779896013864818
0 0.9358108108108109 0.4480069324090121 0.12837837837837837 0.1611785095320624
0 0.40371621621621623 0.09185441941074522 0.0777027027027027 0.1802426343154246
0 0.30349099099099097 0.0901213171577123 0.061936936936936936 0.16984402079722702
0 0.7877252252252253 0.4237435008665511 0.16554054054054054 0.17157712305025996
0 0.5585585585585585 0.6377816291161178 0.23198198198198197 0.2634315424610052
0 0.829954954954955 0.6594454072790294 0.28603603603603606 0.24436741767764297
0 0.5292792792792793 0.9358752166377816 0.17342342342342343 0.11785095320623916
0 0.7150900900900901 0.9575389948006932 0.12162162162162161 0.0779896013864818
