0 0.13152053274139844 0.8353344768439108 0.26082130965593786 0.18867924528301885
0 0.16204217536071033 0.6054888507718696 0.22197558268590456 0.2504288164665523
0 0.29578246392896784 0.23842195540308747 0.18312985571587126 0.4734133790737564
0 0.33684794672586016 0.7735849056603773 0.08546059933407325 0.2469982847341338
0 0.8634850166481687 0.6715265866209262 0.12430632630410655 0.24528301886792453
0 0.8124306326304107 0.1483704974271012 0.12208657047724751 0.10806174957118353
0 0.6059933407325194 0.8456260720411664 0.15538290788013318 0.17152658662092624
0 0.9445061043285239 0.869639794168096 0.10876803551609324 0.14065180102915953
0 0.9450610432852387 0.6981132075471698 0.03440621531631521 0.15780445969125215
0 0.8324084350721421 0.8542024013722127 0.1065482796892342 0.10291595197255575
0 0.7236403995560489 0.8499142367066895 0.033296337402885685 0.1183533447684391
