0 0.017447916666666667 0.5402777777777777 0.0328125 0.13425925925925927
0 0.17213541666666665 0.5606481481481481 0.09010416666666667 0.14351851851851852
0 0.259375 0.5694444444444444 0.042708333333333334 0.1685185185185185
0 0.58984375 0.5814814814814815 0.08072916666666667 0.1388888888888889
0 0.9557291666666666 0.5902777777777778 0.08854166666666667 0.16018518518518518
0 0.2994791666666667 0.6208333333333333 0.0375 0.058333333333333334
0 0.8598958333333333 0.6064814814814815 0.05416666666666667 0.08703703703703704
0 0.7875 0.5768518518518518 0.07395833333333333 0.13703703703703704
0 0.66484375 0.6476851851851853 0.0203125 0.04351851851851852
0 0.7125 0.5685185185185185 0.025 0.15555555555555556
