0 0.6140625000000001 0.55 0.240625 0.3
0 0.07109375 0.5041666666666667 0.1390625 0.17083333333333334
0 0.1125 0.378125 0.040625 0.08125
0 0.23828125 0.38229166666666664 0.0734375 0.10208333333333333
0 0.35859375000000004 0.4666666666666667 0.08281250000000001 0.07916666666666666
0 0.45546875000000003 0.44895833333333335 0.051562500000000004 0.11875
0 0.39687500000000003 0.5947916666666666 0.05625 0.08541666666666667
0 0.47421875 0.6145833333333334 0.0171875 0.0875
0 0.25 0.5833333333333334 0.040625 0.07083333333333333
0 0.1703125 0.5979166666666667 0.037500000000000006 0.0625
0 0.29453125 0.5145833333333333 0.045312500000000006 0.058333333333333334
