0 0.725625 0.5988888888888889 0.04875 0.20222222222222222
0 0.6118750000000001 0.09555555555555556 0.01125 0.03111111111111111
0 0.661875 0.45555555555555555 0.01375 0.026666666666666665
0 0.569375 0.18333333333333332 0.01125 0.024444444444444446
0 0.571875 0.4988888888888889 0.01875 0.02
0 0.553125 0.7888888888888889 0.01625 0.044444444444444446
0 0.571875 0.3022222222222222 0.01375 0.022222222222222223
0 0.6325000000000001 0.09666666666666666 0.0075 0.024444444444444446
0 0.63625 0.4577777777777778 0.0125 0.026666666666666665
0 0.6587500000000001 0.4177777777777778 0.0125 0.026666666666666665
