0 0.0330188679245283 0.9211409395973155 0.062264150943396226 0.15100671140939598
0 0.1858490566037736 0.46140939597315433 0.11132075471698114 0.19798657718120805
0 0.3754716981132076 0.62751677852349 0.052830188679245285 0.10067114093959731
0 0.5952830188679246 0.42785234899328856 0.08867924528301886 0.07718120805369127
0 0.680188679245283 0.348993288590604 0.0509433962264151 0.10738255033557047
0 0.9820754716981133 0.3775167785234899 0.035849056603773584 0.17785234899328858
0 0.08867924528301886 0.9077181208053691 0.026415094339622643 0.11073825503355704
0 0.2188679245283019 0.62248322147651 0.12830188679245283 0.11073825503355704
0 0.2981132075471698 0.5553691275167785 0.022641509433962266 0.08389261744966443
0 0.44056603773584907 0.5184563758389261 0.11886792452830189 0.09060402684563758
0 0.5433962264150943 0.5100671140939598 0.033962264150943396 0.087248322147651
0 0.7311320754716981 0.436241610738255 0.04339622641509434 0.040268456375838924
