0 0.4225 0.15562248995983935 0.17 0.02610441767068273
0 0.32125 0.19377510040160642 0.0525 0.04618473895582329
0 0.3525 0.25903614457831325 0.075 0.048192771084337345
0 0.2775 0.30622489959839355 0.065 0.04618473895582329
0 0.34750000000000003 0.3604417670682731 0.085 0.04216867469879518
0 0.25625 0.4156626506024096 0.0575 0.04417670682730923
0 0.355 0.44678714859437746 0.15 0.022088353413654616
0 0.34875 0.5783132530120482 0.17250000000000001 0.028112449799196783
0 0.56625 0.5763052208835341 0.1225 0.0321285140562249
0 0.625 0.2008032128514056 0.11 0.06024096385542168
0 0.5225 0.24497991967871482 0.11 0.03614457831325301
0 0.645 0.2831325301204819 0.12 0.04417670682730923
0 0.6825 0.3433734939759036 0.03 0.0682730923694779
0 0.68125 0.4728915662650602 0.0825 0.03413654618473895
0 0.5625 0.4397590361445783 0.09 0.028112449799196783
0 0.5375 0.3473895582329317 0.075 0.0321285140562249
0 0.4375 0.31224899598393574 0.075 0.038152610441767064
0 0.76375 0.5070281124497992 0.0375 0.04216867469879518
0 0.75875 0.6144578313253012 0.0575 0.024096385542168672
0 0.7625000000000001 0.7309236947791165 0.11 0.040160642570281124
