0 0.10576923076923077 0.5128205128205128 0.15236686390532544 0.2331002331002331
0 0.6227810650887574 0.42657342657342656 0.11538461538461538 0.19114219114219114
0 0.15236686390532544 0.6678321678321678 0.15088757396449703 0.08624708624708624
0 0.29289940828402367 0.6771561771561772 0.11242603550295857 0.08158508158508158
0 0.26479289940828404 0.5396270396270396 0.1301775147928994 0.07226107226107226
0 0.3624260355029586 0.5186480186480187 0.07100591715976332 0.1048951048951049
0 0.5273668639053254 0.5594405594405595 0.0665680473372781 0.13053613053613053
0 0.46227810650887574 0.5710955710955711 0.028106508875739643 0.08857808857808858
0 0.42233727810650884 0.5326340326340326 0.03106508875739645 0.05827505827505827
0 0.3816568047337278 0.6934731934731935 0.05325443786982249 0.03496503496503497
