0 0.146484375 0.5489208633093525 0.23828125 0.30071942446043165
0 0.76611328125 0.6143884892086331 0.1650390625 0.25035971223021586
0 0.9765625 0.7575539568345324 0.03515625 0.19136690647482016
0 0.9052734375 0.8748201438848922 0.05859375 0.13525179856115108
0 0.72216796875 0.8690647482014389 0.0634765625 0.14964028776978416
0 0.3603515625 0.585611510791367 0.189453125 0.1985611510791367
0 0.5537109375 0.5302158273381296 0.130859375 0.17697841726618704
0 0.46142578125 0.8496402877697842 0.0673828125 0.14820143884892087
0 0.53271484375 0.8517985611510791 0.0634765625 0.14676258992805755
0 0.65234375 0.8597122302158273 0.05859375 0.14244604316546763
0 0.8349609375 0.8705035971223022 0.056640625 0.13525179856115108
