0 0.61279296875 0.7379209370424598 0.4091796875 0.4978038067349927
0 0.798828125 0.4128843338213763 0.044921875 0.1376281112737921
0 0.7158203125 0.20571010248901905 0.181640625 0.21522693997071743
0 0.39453125 0.1259150805270864 0.25 0.24890190336749635
0 0.17822265625 0.12005856515373353 0.1376953125 0.23718887262079064
0 0.03662109375 0.7057101024890191 0.0673828125 0.4333821376281113
0 0.14013671875 0.7957540263543192 0.0615234375 0.2445095168374817
0 0.1416015625 0.5124450951683748 0.134765625 0.3191800878477306
0 0.36865234375 0.43045387994143486 0.0810546875 0.29282576866764276
0 0.2900390625 0.28330893118594436 0.04296875 0.0746705710102489
