0 0.5476562500000001 0.21294117647058822 0.434375 0.4117647058823529
0 0.9421875000000001 0.13529411764705881 0.11093750000000001 0.268235294117647
0 0.9703125 0.3941176470588235 0.059375000000000004 0.24470588235294116
0 0.7046875 0.6141176470588234 0.084375 0.3929411764705882
0 0.42109375000000004 0.6105882352941175 0.15937500000000002 0.17176470588235293
0 0.0859375 0.1852941176470588 0.1703125 0.18470588235294116
0 0.30625 0.10058823529411764 0.046875 0.1964705882352941
0 0.067578125 0.7494117647058823 0.13359375 0.1976470588235294
0 0.058203125 0.5011764705882352 0.11484375000000001 0.1552941176470588
0 0.37929687500000003 0.4717647058823529 0.07421875 0.10588235294117646
