0 0.40520833333333334 0.46944444444444444 0.12708333333333333 0.37777777777777777
0 0.23645833333333333 0.42083333333333334 0.08541666666666667 0.16944444444444445
0 0.11562499999999999 0.4236111111111111 0.035416666666666666 0.18055555555555555
0 0.075 0.1375 0.12083333333333333 0.08055555555555556
0 0.7958333333333333 0.08888888888888889 0.10416666666666667 0.14444444444444446
0 0.5697916666666667 0.42083333333333334 0.06458333333333333 0.1527777777777778
0 0.646875 0.4222222222222222 0.06875 0.16111111111111112
0 0.653125 0.31527777777777777 0.06041666666666667 0.04722222222222222
0 0.7177083333333333 0.3055555555555556 0.03125 0.08888888888888889
0 0.8468749999999999 0.5402777777777777 0.10208333333333333 0.15833333333333333
0 0.9395833333333333 0.5819444444444445 0.029166666666666667 0.0638888888888889
0 0.9864583333333333 0.5861111111111111 0.022916666666666665 0.061111111111111116
0 0.42916666666666664 0.06666666666666667 0.13333333333333333 0.1277777777777778
