0 0.46875 0.3875 0.155 0.49833333333333335
0 0.415625 0.8500000000000001 0.058750000000000004 0.15333333333333335
0 0.51125 0.8233333333333334 0.0475 0.12000000000000001
0 0.30375 0.36000000000000004 0.1325 0.26
0 0.141875 0.45 0.12625 0.24666666666666667
0 0.19375 0.6625000000000001 0.05 0.10833333333333334
0 0.330625 0.625 0.10875 0.14
0 0.80125 0.4066666666666667 0.335 0.42333333333333334
0 0.71375 0.805 0.105 0.17666666666666667
0 0.29 0.8533333333333334 0.035 0.09666666666666668
0 0.19875 0.8750000000000001 0.0175 0.1
