0 0.55029296875 0.3169838945827233 0.2509765625 0.4758418740849195
0 0.29150390625 0.49926793557833093 0.0458984375 0.08784773060029283
0 0.19482421875 0.3206442166910688 0.2431640625 0.26939970717423134
0 0.24462890625 0.7093704245973645 0.0771484375 0.1800878477306003
0 0.11328125 0.6866764275256223 0.033203125 0.07906295754026355
0 0.58154296875 0.7035139092240117 0.3154296875 0.2708638360175696
0 0.90478515625 0.725475841874085 0.0498046875 0.24743777452415813
0 0.83935546875 0.46266471449487556 0.1064453125 0.1259150805270864
0 0.392578125 0.6669106881405564 0.0625 0.24158125915080528
0 0.3310546875 0.6822840409956077 0.064453125 0.1376281112737921
0 0.16796875 0.7489019033674964 0.0546875 0.09809663250366032
0 0.07568359375 0.6896046852122987 0.0341796875 0.15226939970717424
