0 0.14013671875 0.1848101265822785 0.0712890625 0.36455696202531646
0 0.02294921875 0.22278481012658227 0.0439453125 0.34430379746835443
0 0.4189453125 0.42658227848101266 0.08203125 0.1848101265822785
0 0.36083984375 0.09367088607594937 0.0322265625 0.18227848101265823
0 0.30419921875 0.19367088607594937 0.0712890625 0.09873417721518987
0 0.50439453125 0.24303797468354432 0.0556640625 0.20253164556962025
0 0.86865234375 0.38354430379746834 0.1376953125 0.7620253164556963
0 0.62255859375 0.23164556962025318 0.0576171875 0.3670886075949367
0 0.60595703125 0.5886075949367089 0.0654296875 0.07341772151898734
0 0.72509765625 0.11392405063291139 0.0927734375 0.22278481012658227
0 0.97900390625 0.6759493670886076 0.0419921875 0.4911392405063291
0 0.32275390625 0.929113924050633 0.1689453125 0.07088607594936709
0 0.48486328125 0.9050632911392406 0.0458984375 0.07848101265822785
