0 0.1884765625 0.29296875 0.27734375 0.5598958333333333
0 0.4921875 0.259765625 0.302734375 0.44401041666666663
0 0.794921875 0.58203125 0.197265625 0.421875
0 0.65673828125 0.6725260416666666 0.0751953125 0.22786458333333331
0 0.55615234375 0.6842447916666666 0.1162109375 0.13671875
0 0.333984375 0.6705729166666666 0.134765625 0.11458333333333333
0 0.7412109375 0.259765625 0.072265625 0.08723958333333333
0 0.78076171875 0.8313802083333333 0.1611328125 0.07421875
0 0.59033203125 0.8255208333333333 0.0771484375 0.07291666666666666
0 0.31591796875 0.7578125 0.0458984375 0.06510416666666666
