0 0.17678571428571427 0.5277777777777778 0.15357142857142855 0.3666666666666667
0 0.25 0.7916666666666667 0.09285714285714286 0.10555555555555556
0 0.33035714285714285 0.8111111111111111 0.05357142857142857 0.07777777777777778
0 0.4035714285714286 0.7861111111111111 0.06428571428571428 0.10555555555555556
0 0.375 0.6805555555555556 0.07857142857142857 0.10555555555555556
0 0.475 0.7916666666666667 0.07142857142857142 0.05
0 0.5232142857142857 0.7527777777777778 0.03214285714285714 0.10555555555555556
0 0.5696428571428571 0.7277777777777779 0.04642857142857143 0.05555555555555556
0 0.7374999999999999 0.6333333333333333 0.03214285714285714 0.13333333333333333
0 0.6589285714285714 0.6361111111111112 0.04642857142857143 0.07222222222222223
0 0.6357142857142857 0.7166666666666667 0.03571428571428571 0.06666666666666667
0 0.7946428571428571 0.5194444444444445 0.075 0.35000000000000003
