0 0.29296875 0.3939814814814815 0.17760416666666667 0.10092592592592593
0 0.42578125 0.5574074074074075 0.049479166666666664 0.12962962962962962
0 0.5328125 0.5847222222222223 0.04479166666666667 0.17314814814814816
0 0.6841145833333333 0.5583333333333333 0.12343749999999999 0.12037037037037038
0 0.6526041666666667 0.6527777777777778 0.13229166666666667 0.022222222222222223
0 0.4791666666666667 0.6393518518518518 0.040625 0.06018518518518519
0 0.2677083333333333 0.549074074074074 0.03958333333333333 0.07962962962962963
0 0.6263020833333334 0.23935185185185187 0.09635416666666667 0.18981481481481483
0 0.4953125 0.34861111111111115 0.04583333333333333 0.019444444444444445
0 0.7361979166666667 0.33564814814814814 0.019270833333333334 0.09166666666666667
0 0.6395833333333333 0.3611111111111111 0.052083333333333336 0.044444444444444446
