0 0.7166666666666667 0.4033333333333334 0.5644444444444444 0.5233333333333333
0 0.21666666666666667 0.49500000000000005 0.4311111111111111 0.4666666666666667
0 0.165 0.8441666666666667 0.03222222222222222 0.055
0 0.1 0.7933333333333333 0.04666666666666667 0.12666666666666668
0 0.030555555555555555 0.9383333333333334 0.058888888888888886 0.03666666666666667
0 0.36666666666666664 0.9166666666666667 0.08222222222222222 0.05666666666666667
0 0.19777777777777777 0.9375000000000001 0.08888888888888889 0.058333333333333334
0 0.11611111111111111 0.9308333333333334 0.021111111111111112 0.085
0 0.8872222222222222 0.8808333333333334 0.058888888888888886 0.03833333333333334
0 0.7561111111111111 0.8841666666666668 0.07 0.04166666666666667
0 0.9838888888888889 0.7425 0.03222222222222222 0.14833333333333334
