0 0.5724489795918368 0.5108892921960072 0.35306122448979593 0.4482758620689655
0 0.313265306122449 0.39473684210526316 0.16122448979591839 0.26678765880217786
0 0.14489795918367349 0.47731397459165154 0.08571428571428572 0.23593466424682394
0 0.2362244897959184 0.5916515426497277 0.09693877551020409 0.11978221415607986
0 0.5260204081632653 0.8257713248638838 0.04387755102040817 0.15970961887477314
0 0.7051020408163265 0.7894736842105263 0.07142857142857144 0.07622504537205081
0 0.8158163265306123 0.7613430127041741 0.02142857142857143 0.05263157894736842
0 0.053571428571428575 0.7068965517241379 0.06224489795918368 0.038112522686025406
0 0.21071428571428574 0.7068965517241379 0.023469387755102045 0.08892921960072595
0 0.4739795918367347 0.8003629764065335 0.05816326530612245 0.0617059891107078
0 0.2341836734693878 0.8058076225045372 0.0642857142857143 0.04718693284936479
