0 0.5048387096774194 0.7742857142857142 0.3161290322580645 0.36
0 0.7306451612903225 0.8628571428571429 0.11612903225806452 0.18285714285714286
0 0.8975806451612903 0.8885714285714286 0.20483870967741935 0.11428571428571428
0 0.9379032258064516 0.7171428571428572 0.12419354838709677 0.22857142857142856
0 0.8225806451612904 0.4357142857142857 0.04516129032258064 0.19142857142857142
0 0.6830645161290323 0.5085714285714286 0.08225806451612903 0.09714285714285714
0 0.5717741935483871 0.4785714285714286 0.09193548387096774 0.23142857142857143
0 0.3016129032258065 0.8542857142857143 0.054838709677419356 0.21142857142857144
0 0.21774193548387097 0.27285714285714285 0.07419354838709677 0.16857142857142857
0 0.22983870967741934 0.81 0.05 0.19714285714285715
0 0.12338709677419354 0.8157142857142857 0.04032258064516129 0.16285714285714287
0 0.1774193548387097 0.7957142857142857 0.035483870967741936 0.19714285714285715
